890
1 0
21 0
24 0
105 0
110 0
285 0
25 0
32 0
33 0
36 0
37 0
40 0
43 0
90 0
49 0
182 0
184 0
185 0
193 0
195 0
198 0
200 0
201 0
205 0
213 0
221 0
223 0
230 0
231 0
234 0
236 0
241 0
281 0
284 0
311 0
313 0
315 0
318 0
349 0
350 0
715 0
716 0
719 0
784 0
51 0
52 0
53 0
188 0
189 0
206 0
235 0
60 0
67 0
69 0
86 0
87 0
144 0
147 0
70 0
71 0
88 0
77 0
102 0
103 0
111 0
113 0
145 0
168 0
178 0
181 0
183 0
187 0
190 0
191 0
196 0
197 0
202 0
203 0
207 0
208 0
209 0
210 0
212 0
214 0
215 0
216 0
218 0
219 0
224 0
226 0
240 0
243 0
267 0
268 0
270 0
271 0
272 0
273 0
274 0
275 0
276 0
278 0
280 0
282 0
317 0
352 0
353 0
354 0
355 0
358 0
359 0
360 0
361 0
362 0
363 0
367 0
368 0
369 0
370 0
371 0
372 0
373 0
375 0
376 0
377 0
378 0
381 0
382 0
383 0
384 0
385 0
386 0
388 0
389 0
390 0
393 0
394 0
395 0
396 0
397 0
398 0
399 0
400 0
401 0
402 0
403 0
405 0
410 0
411 0
412 0
413 0
416 0
417 0
418 0
419 0
423 0
426 0
427 0
428 0
430 0
436 0
440 0
441 0
442 0
444 0
445 0
446 0
447 0
453 0
457 0
458 0
459 0
462 0
464 0
465 0
466 0
467 0
468 0
478 0
479 0
480 0
481 0
482 0
483 0
484 0
487 0
495 0
496 0
497 0
498 0
499 0
503 0
507 0
509 0
512 0
514 0
515 0
676 0
677 0
678 0
681 0
684 0
686 0
687 0
689 0
690 0
693 0
696 0
701 0
704 0
705 0
706 0
707 0
713 0
714 0
778 0
779 0
780 0
782 0
783 0
787 0
788 0
789 0
790 0
791 0
793 0
794 0
795 0
799 0
880 0
883 0
884 0
885 0
78 0
79 0
101 0
104 0
112 0
117 0
132 0
142 0
143 0
167 0
106 0
118 0
886 0
46 1
47 1
97 1
136 1
138 1
165 1
166 1
171 1
172 1
265 1
304 1
308 1
309 1
310 1
330 1
331 1
332 1
333 1
334 1
648 1
649 1
650 1
651 1
653 1
654 1
655 1
656 1
657 1
658 1
659 1
660 1
664 1
665 1
666 1
667 1
668 1
669 1
670 1
671 1
672 1
673 1
674 1
763 1
765 1
766 1
767 1
768 1
769 1
770 1
772 1
773 1
774 1
776 1
777 1
829 1
830 1
831 1
839 1
842 1
843 1
844 1
845 1
846 1
847 1
848 1
849 1
851 1
853 1
854 1
855 1
858 1
56 1
66 1
83 1
135 1
160 1
173 1
137 1
162 1
163 1
164 1
170 1
266 1
305 1
328 1
336 1
338 1
343 1
761 1
762 1
764 1
827 1
832 1
306 1
339 1
364 1
365 1
429 1
474 1
477 1
692 1
702 1
708 1
781 1
798 1
828 1
850 1
553 1
652 1
662 1
733 1
736 1
775 1
814 1
857 1
889 1
4 2
6 2
9 2
11 2
12 2
13 2
19 2
26 2
27 2
38 2
50 2
108 2
109 2
140 2
141 2
151 2
169 2
177 2
286 2
356 2
366 2
374 2
379 2
380 2
387 2
391 2
406 2
407 2
409 2
414 2
421 2
425 2
431 2
432 2
433 2
437 2
438 2
439 2
449 2
450 2
451 2
454 2
455 2
456 2
460 2
463 2
469 2
472 2
473 2
475 2
476 2
485 2
486 2
488 2
489 2
490 2
492 2
493 2
494 2
501 2
502 2
504 2
505 2
506 2
511 2
516 2
517 2
518 2
519 2
520 2
538 2
541 2
542 2
543 2
549 2
563 2
569 2
577 2
581 2
582 2
679 2
682 2
683 2
691 2
694 2
695 2
698 2
700 2
703 2
709 2
710 2
711 2
712 2
717 2
718 2
739 2
786 2
792 2
796 2
801 2
805 2
807 2
810 2
834 2
841 2
866 2
871 2
873 2
879 2
55 2
61 2
62 2
146 2
64 2
72 2
73 2
74 2
100 2
91 2
92 2
93 2
120 2
125 2
152 2
153 2
244 2
287 2
521 2
523 2
524 2
525 2
526 2
527 2
528 2
529 2
530 2
531 2
532 2
533 2
534 2
535 2
536 2
537 2
539 2
540 2
544 2
546 2
550 2
551 2
552 2
556 2
557 2
558 2
559 2
560 2
561 2
562 2
564 2
565 2
566 2
570 2
583 2
584 2
585 2
586 2
587 2
590 2
723 2
730 2
735 2
737 2
738 2
806 2
808 2
809 2
811 2
835 2
867 2
868 2
870 2
872 2
881 2
882 2
114 2
115 2
116 2
126 2
727 2
121 2
129 2
149 2
150 2
154 2
122 2
288 2
319 2
139 2
155 2
179 2
194 2
211 2
217 2
225 2
227 2
228 2
233 2
250 2
269 2
279 2
283 2
289 2
291 2
292 2
316 2
720 2
721 2
722 2
731 2
245 2
246 2
247 2
249 2
290 2
320 2
347 2
567 2
724 2
725 2
732 2
888 2
0 3
2 3
3 3
5 3
7 3
8 3
10 3
14 3
15 3
192 3
204 3
229 3
232 3
242 3
314 3
345 3
688 3
697 3
747 3
813 3
16 3
180 3
186 3
199 3
220 3
222 3
237 3
238 3
277 3
296 3
312 3
759 3
17 3
18 3
99 3
20 3
22 3
23 3
28 3
29 3
30 3
31 3
34 3
35 3
39 3
41 3
42 3
44 3
45 3
48 3
57 3
54 3
58 3
59 3
63 3
65 3
68 3
75 3
76 3
80 3
81 3
82 3
84 3
98 3
131 3
133 3
161 3
255 3
256 3
257 3
258 3
261 3
262 3
263 3
264 3
297 3
302 3
322 3
325 3
326 3
327 3
346 3
348 3
351 3
591 3
593 3
594 3
595 3
596 3
598 3
599 3
600 3
601 3
602 3
603 3
604 3
607 3
609 3
612 3
613 3
616 3
617 3
618 3
619 3
620 3
621 3
622 3
626 3
628 3
630 3
633 3
634 3
635 3
636 3
637 3
640 3
641 3
643 3
644 3
647 3
746 3
749 3
751 3
752 3
753 3
754 3
755 3
757 3
760 3
820 3
822 3
823 3
824 3
836 3
837 3
840 3
852 3
859 3
861 3
862 3
865 3
869 3
878 3
85 3
89 3
94 3
254 3
260 3
300 3
307 3
324 3
329 3
335 3
337 3
95 3
96 3
107 3
119 3
127 3
128 3
130 3
158 3
159 3
175 3
295 3
123 3
124 3
148 3
156 3
299 3
301 3
522 3
545 3
547 3
548 3
554 3
555 3
568 3
571 3
572 3
573 3
574 3
575 3
576 3
578 3
579 3
580 3
588 3
589 3
592 3
610 3
624 3
629 3
639 3
726 3
728 3
729 3
734 3
740 3
743 3
812 3
816 3
817 3
818 3
819 3
838 3
863 3
864 3
875 3
877 3
134 3
321 3
157 3
303 3
605 3
606 3
608 3
614 3
615 3
623 3
625 3
627 3
631 3
632 3
638 3
642 3
645 3
646 3
661 3
663 3
771 3
821 3
825 3
826 3
833 3
856 3
174 3
294 3
176 3
239 3
340 3
341 3
342 3
248 3
251 3
252 3
253 3
259 3
293 3
344 3
597 3
741 3
745 3
750 3
756 3
815 3
298 3
742 3
323 3
357 3
392 3
404 3
408 3
415 3
420 3
422 3
424 3
434 3
435 3
443 3
448 3
452 3
461 3
470 3
471 3
491 3
500 3
508 3
510 3
513 3
611 3
680 3
685 3
699 3
744 3
748 3
758 3
785 3
797 3
800 3
802 3
803 3
804 3
860 3
874 3
876 3
675 3
887 3
